{
 "cells": [
  {
   "cell_type": "markdown",
   "metadata": {},
   "source": [
    "# Exercise 3: Numpy"
   ]
  },
  {
   "cell_type": "markdown",
   "metadata": {},
   "source": [
    "Perform the follwing tasks:\n"
   ]
  },
  {
   "cell_type": "code",
   "execution_count": 1,
   "metadata": {},
   "outputs": [],
   "source": [
    "#3.1: import the numpy library\n",
    "import numpy as np"
   ]
  },
  {
   "cell_type": "code",
   "execution_count": 2,
   "metadata": {},
   "outputs": [
    {
     "data": {
      "text/plain": [
       "array([[0.26537374, 0.52297521, 0.32182756, 0.15584648, 0.67373421,\n",
       "        0.38351671, 0.69492692, 0.07001381, 0.2462241 , 0.14587183],\n",
       "       [0.82277074, 0.55869428, 0.47887681, 0.59397202, 0.92684875,\n",
       "        0.90286414, 0.91129466, 0.29491612, 0.53683909, 0.48109519],\n",
       "       [0.65232476, 0.8641861 , 0.48049122, 0.62457056, 0.27303746,\n",
       "        0.74576315, 0.70950637, 0.23673019, 0.51331386, 0.55412068],\n",
       "       [0.48675659, 0.07487404, 0.52091538, 0.10362879, 0.25184563,\n",
       "        0.95796967, 0.14514431, 0.18404714, 0.69067023, 0.16752874],\n",
       "       [0.93472824, 0.31632681, 0.28220144, 0.45321818, 0.72601104,\n",
       "        0.43960527, 0.54499437, 0.84157097, 0.03338135, 0.1544866 ],\n",
       "       [0.35331947, 0.11259826, 0.45552322, 0.63031331, 0.92174528,\n",
       "        0.4258452 , 0.8682303 , 0.04181519, 0.91178721, 0.72124365],\n",
       "       [0.7047278 , 0.79210897, 0.05959963, 0.198937  , 0.47810523,\n",
       "        0.31716411, 0.02393146, 0.34928643, 0.57321331, 0.79243553],\n",
       "       [0.12111198, 0.30857277, 0.35978041, 0.25777958, 0.74608946,\n",
       "        0.5929811 , 0.98144571, 0.41471947, 0.56509586, 0.82680786],\n",
       "       [0.03278664, 0.84349974, 0.00565218, 0.47283111, 0.43133677,\n",
       "        0.9423745 , 0.95331256, 0.11165512, 0.62969716, 0.15913658],\n",
       "       [0.26890117, 0.3392595 , 0.40533432, 0.44842978, 0.0419187 ,\n",
       "        0.71303416, 0.6058941 , 0.12032343, 0.67708072, 0.33047883]])"
      ]
     },
     "execution_count": 2,
     "metadata": {},
     "output_type": "execute_result"
    }
   ],
   "source": [
    "#3.2: create a random 10x10 array named A\n",
    "A = np.random.rand(10,10)\n",
    "A"
   ]
  },
  {
   "cell_type": "code",
   "execution_count": 3,
   "metadata": {},
   "outputs": [
    {
     "data": {
      "text/plain": [
       "array([[0.26537374, 0.52297521, 0.32182756, 0.15584648, 0.67373421,\n",
       "        0.38351671, 0.69492692, 0.07001381, 0.2462241 , 0.14587183],\n",
       "       [0.65232476, 0.8641861 , 0.48049122, 0.62457056, 0.27303746,\n",
       "        0.74576315, 0.70950637, 0.23673019, 0.51331386, 0.55412068],\n",
       "       [0.93472824, 0.31632681, 0.28220144, 0.45321818, 0.72601104,\n",
       "        0.43960527, 0.54499437, 0.84157097, 0.03338135, 0.1544866 ],\n",
       "       [0.7047278 , 0.79210897, 0.05959963, 0.198937  , 0.47810523,\n",
       "        0.31716411, 0.02393146, 0.34928643, 0.57321331, 0.79243553],\n",
       "       [0.03278664, 0.84349974, 0.00565218, 0.47283111, 0.43133677,\n",
       "        0.9423745 , 0.95331256, 0.11165512, 0.62969716, 0.15913658]])"
      ]
     },
     "execution_count": 3,
     "metadata": {},
     "output_type": "execute_result"
    }
   ],
   "source": [
    "#3.3: return only the odd rows of A\n",
    "A[0:10:2,:] # start:stop:stepsize , all"
   ]
  },
  {
   "cell_type": "code",
   "execution_count": 4,
   "metadata": {},
   "outputs": [
    {
     "data": {
      "text/plain": [
       "array([[1.64252049, 2.58421474, 2.06384781, 1.19744709, 1.70107789,\n",
       "        2.11780728, 1.39302606, 2.05037862, 2.02592108, 1.39521771],\n",
       "       [2.58421474, 4.68251127, 3.80552699, 2.48959069, 3.25702841,\n",
       "        3.8249512 , 2.71234644, 3.54217556, 3.34869303, 2.66398011],\n",
       "       [2.06384781, 3.80552699, 3.55399888, 2.07434107, 2.51648485,\n",
       "        3.00318847, 2.49720762, 2.86821681, 2.9831464 , 2.47567982],\n",
       "       [1.19744709, 2.48959069, 2.07434107, 2.06579342, 1.55953856,\n",
       "        2.0073912 , 1.47465936, 1.79973011, 1.76294576, 1.74061986],\n",
       "       [1.70107789, 3.25702841, 2.51648485, 1.55953856, 3.00940972,\n",
       "        2.28672558, 1.95135908, 2.26201702, 1.89990724, 1.52530186],\n",
       "       [2.11780728, 3.8249512 , 3.00318847, 2.0073912 , 2.28672558,\n",
       "        3.88038847, 2.19605102, 3.32516838, 2.72734529, 2.32957529],\n",
       "       [1.39302606, 2.71234644, 2.49720762, 1.47465936, 1.95135908,\n",
       "        2.19605102, 2.57548493, 2.09473622, 1.83963163, 1.52431219],\n",
       "       [2.05037862, 3.54217556, 2.86821681, 1.79973011, 2.26201702,\n",
       "        3.32516838, 2.09473622, 3.35222608, 2.73814245, 2.1531823 ],\n",
       "       [2.02592108, 3.34869303, 2.9831464 , 1.76294576, 1.89990724,\n",
       "        2.72734529, 1.83963163, 2.73814245, 3.35340375, 2.26931878],\n",
       "       [1.39521771, 2.66398011, 2.47567982, 1.74061986, 1.52530186,\n",
       "        2.32957529, 1.52431219, 2.1531823 , 2.26931878, 2.01220485]])"
      ]
     },
     "execution_count": 4,
     "metadata": {},
     "output_type": "execute_result"
    }
   ],
   "source": [
    "#3.4: perform a matrix multiplication of A with it's transposed\n",
    "A.dot(A.T)"
   ]
  },
  {
   "cell_type": "code",
   "execution_count": 5,
   "metadata": {},
   "outputs": [
    {
     "data": {
      "text/plain": [
       "array([[ True,  True,  True,  True,  True,  True,  True,  True,  True,\n",
       "         True],\n",
       "       [ True,  True,  True,  True,  True,  True,  True,  True,  True,\n",
       "         True],\n",
       "       [ True,  True,  True,  True,  True,  True,  True,  True,  True,\n",
       "         True],\n",
       "       [ True,  True,  True,  True,  True,  True,  True,  True,  True,\n",
       "         True],\n",
       "       [ True,  True,  True,  True,  True,  True,  True,  True,  True,\n",
       "         True],\n",
       "       [ True,  True,  True,  True,  True,  True,  True,  True,  True,\n",
       "         True],\n",
       "       [ True,  True,  True,  True,  True,  True,  True,  True,  True,\n",
       "         True],\n",
       "       [ True,  True,  True,  True,  True,  True,  True,  True,  True,\n",
       "         True],\n",
       "       [ True,  True,  True,  True,  True,  True,  True,  True,  True,\n",
       "         True],\n",
       "       [ True,  True,  True,  True,  True,  True,  True,  True,  True,\n",
       "         True]])"
      ]
     },
     "execution_count": 5,
     "metadata": {},
     "output_type": "execute_result"
    }
   ],
   "source": [
    "#3.5: compute the matrix inverse of A\n",
    "A_inv=np.linalg.inv(A)\n",
    "np.isclose(A.dot(A_inv),np.identity(10))#test for identity AA^-1"
   ]
  },
  {
   "cell_type": "code",
   "execution_count": 6,
   "metadata": {},
   "outputs": [
    {
     "data": {
      "text/plain": [
       "array([[0.26537374, 0.26148761, 0.32182756, 0.15584648, 0.3368671 ,\n",
       "        0.38351671, 0.34746346, 0.07001381, 0.2462241 , 0.14587183],\n",
       "       [0.41138537, 0.27934714, 0.47887681, 0.29698601, 0.46342438,\n",
       "        0.45143207, 0.45564733, 0.29491612, 0.26841955, 0.48109519],\n",
       "       [0.32616238, 0.43209305, 0.48049122, 0.31228528, 0.27303746,\n",
       "        0.37288157, 0.35475319, 0.23673019, 0.25665693, 0.27706034],\n",
       "       [0.48675659, 0.07487404, 0.26045769, 0.10362879, 0.25184563,\n",
       "        0.47898483, 0.14514431, 0.18404714, 0.34533511, 0.16752874],\n",
       "       [0.46736412, 0.31632681, 0.28220144, 0.45321818, 0.36300552,\n",
       "        0.43960527, 0.27249718, 0.42078549, 0.03338135, 0.1544866 ],\n",
       "       [0.35331947, 0.11259826, 0.45552322, 0.31515666, 0.46087264,\n",
       "        0.4258452 , 0.43411515, 0.04181519, 0.4558936 , 0.36062183],\n",
       "       [0.3523639 , 0.39605448, 0.05959963, 0.198937  , 0.47810523,\n",
       "        0.31716411, 0.02393146, 0.34928643, 0.28660666, 0.39621777],\n",
       "       [0.12111198, 0.30857277, 0.35978041, 0.25777958, 0.37304473,\n",
       "        0.29649055, 0.49072286, 0.41471947, 0.28254793, 0.41340393],\n",
       "       [0.03278664, 0.42174987, 0.00565218, 0.47283111, 0.43133677,\n",
       "        0.47118725, 0.47665628, 0.11165512, 0.31484858, 0.15913658],\n",
       "       [0.26890117, 0.3392595 , 0.40533432, 0.44842978, 0.0419187 ,\n",
       "        0.35651708, 0.30294705, 0.12032343, 0.33854036, 0.33047883]])"
      ]
     },
     "execution_count": 6,
     "metadata": {},
     "output_type": "execute_result"
    }
   ],
   "source": [
    "#3.6: divide all entries of A which are lager than 0.5 by 2 (hint: use where() )\n",
    "mask=A>0.5\n",
    "A[mask]/=2\n",
    "A\n"
   ]
  },
  {
   "cell_type": "code",
   "execution_count": 7,
   "metadata": {},
   "outputs": [],
   "source": [
    "#in one line\n",
    "A[A>0.5]/=2"
   ]
  },
  {
   "cell_type": "code",
   "execution_count": null,
   "metadata": {},
   "outputs": [],
   "source": []
  }
 ],
 "metadata": {
  "kernelspec": {
   "display_name": "Python 3",
   "language": "python",
   "name": "python3"
  },
  "language_info": {
   "codemirror_mode": {
    "name": "ipython",
    "version": 3
   },
   "file_extension": ".py",
   "mimetype": "text/x-python",
   "name": "python",
   "nbconvert_exporter": "python",
   "pygments_lexer": "ipython3",
   "version": "3.7.6"
  }
 },
 "nbformat": 4,
 "nbformat_minor": 4
}
